-30325
-29910
-30230
-30206
-30065
-30186
-30134
-30093
-30107
-30377
-30292
-29907
-30255
-29978
-29903
-29887
-30145
-30051
-30318
-30231
-30132
-29906
-30296
-30181
-30182
-29966
-29984
-30342
-30135
-29935
-30330
-30010
-29984
-30073
-29981
-29934
-29953
-29902
-30021
-30027
-29942
-30321
-30254
-30345
-30379
-30318
-29901
-30257
-30321
-30129
-30016
-29971
-30020
-30076
-29993
-30330
-30176
-30186
-29886
-30061
-29955
-30069
-29899
-30176
-30085
-29951
-30047
-30225
-30346
-30245
-30087
-30181
-30131
-30394
-30364
-30183
-30066
-30067
-30365
-30274
-30349
-30052
-30276
-29891
-30265
-30082
-30237
-29980
-30127
-30114
-29978
-29952
-29981
-29987
-29918
-30195
-29995
-29995
-30207
-30328
-30151
-30212
-30181
-29936
-30025
-30201
-30067
-30112
-30355
-30151
-30179
-30222
-30304
-29976
-29897
-30241
-30014
-30290
-30172
-29917
-30065
-29990
-29953
-30270
-30207
-30119
-24587
-19120
-16698
-16267
-15920
-16981
-17769
-19124
-20251
-21320
-22332
-23281
-24289
-25137
-25840
-26191
-26830
-27429
-27850
-28138
-28263
-28777
-28634
-29239
-29087
-29595
-29720
-29462
-29728
-29965
-29528
-29688
-29796
-30038
-29703
-30065
-29913
-29816
-30009
-30253
-29899
-29979
-30175
-30157
-30090
-29962
-30177
-29937
-30005
-30263
-30377
-30074
-30078
-29973
-29878
-30019
-30299
-30096
-30308
-30107
-30349
-29915
-29911
-30020
-30392
-29963
-30387
-30236
-29886
-30147
-30252
-30257
-30026
-30220
-30080
-29876
-30242
-30132
-30030
-30337
-30241
-29935
-30185
-30274
-29964
-30344
-30147
-30144
-30324
-30016
-30197
-29997
-29995
-29917
-30113
-30197
-30039
-30021
-30387
-30046
-30256
-29912
-30063
-30050
-30309
-29875
-29928
-30293
-30357
-29918
-30007
-30225
-30326
-30048
-30237
-30203
-29910
-30095
-30116
-30076
-30093
-30387
-29991
-30133
-29931
-29931
-29931
-29931
-29931
-29931