-30351
-30132
-29985
-30399
-30002
-30015
-30201
-30004
-29980
-30069
-30061
-30371
-29906
-30108
-30285
-30289
-30020
-30211
-30228
-29980
-30009
-30073
-30226
-29901
-29885
-30284
-29877
-30187
-30281
-29869
-29958
-30005
-30000
-30345
-30118
-30348
-30394
-30365
-30235
-30254
-30176
-29883
-30276
-30204
-30226
-30367
-30306
-30164
-30367
-30094
-30342
-30011
-30383
-30018
-30087
-30379
-30117
-30044
-29909
-30326
-30350
-30134
-30081
-30295
-30198
-30212
-29881
-30225
-30156
-30388
-30323
-29938
-29986
-30363
-30325
-30314
-30051
-30063
-30066
-30074
-30181
-30303
-30121
-29879
-30235
-30295
-30214
-30051
-30369
-29959
-29879
-30240
-30068
-30011
-30228
-30195
-30184
-30190
-30045
-29936
-29975
-30212
-29888
-30018
-30085
-29981
-30247
-30000
-30193
-30101
-29955
-30242
-30034
-29980
-29991
-30351
-30371
-30123
-29946
-30247
-30065
-30343
-29983
-29885
-30166
-30319
4408
26954
32767
32767
32767
32767
30219
24141
18354
12871
7337
2720
-1933
-5623
-8798
-11928
-14761
-16489
-18898
-20480
-21737
-22964
-24009
-24791
-25468
-26053
-26751
-27229
-27591
-27962
-28639
-28839
-29120
-28861
-29124
-29253
-29429
-29493
-29418
-29824
-29582
-29766
-29732
-29987
-30097
-30013
-29755
-30257
-30085
-30272
-30051
-30164
-30069
-30201
-30335
-29932
-29932
-30226
-30296
-30120
-30279
-30308
-30272
-30199
-30156
-29917
-30086
-30166
-29907
-30304
-29975
-30307
-30142
-30375
-30210
-30396
-30088
-30112
-30280
-30024
-30078
-30238
-30386
-30128
-29872
-29882
-29872
-30041
-30207
-30236
-29868
-30348
-30374
-30091
-30346
-30248
-30040
-30234
-30280
-30028
-30125
-30355
-30087
-29933
-29912
-30330
-29893
-30088
-30030
-30128
-30042
-30309
-30003
-30075
-30032
-30397
-30275
-30040
-30305
-29987
-30193
-30092
-30320
-30142
-29991
-29939
