-30397
-30056
-30140
-30305
-30070
-29915
-30313
-29992
-30226
-30298
-29991
-30335
-30363
-30294
-30160
-29954
-29998
-30263
-29903
-29979
-30200
-30205
-29991
-30123
-29940
-30207
-30322
-30238
-30043
-30219
-30297
-30281
-30280
-29955
-30002
-30239
-30147
-30204
-30014
-30068
-30370
-30367
-30223
-30277
-30234
-30027
-30359
-30017
-30314
-30129
-30242
-29897
-30326
-29915
-30201
-30321
-30042
-29915
-30214
-30174
-29957
-29921
-29882
-30140
-30130
-29949
-30091
-30195
-30269
-30015
-30058
-30015
-30256
-29972
-29918
-30363
-29900
-30202
-29893
-30224
-30107
-29932
-30389
-30035
-30327
-29925
-30346
-30313
-30199
-30389
-29894
-29990
-30102
-29901
-30111
-29942
-30125
-30069
-30091
-29938
-30165
-29884
-30081
-30108
-30012
-30115
-30138
-30109
-29996
-30150
-29881
-30260
-29998
-29957
-30332
-30121
-29888
-30139
-30393
-29997
-30019
-30094
-30211
-30361
-30389
-30043
-16439
17
8501
11884
12189
10016
7187
3982
236
-3235
-6647
-9392
-12220
-14883
-16659
-18490
-20220
-21821
-23049
-23674
-24701
-25588
-26273
-26901
-27290
-27957
-28016
-28567
-28587
-28903
-29185
-29071
-29350
-29696
-29731
-29821
-29716
-29792
-30082
-30016
-29974
-29720
-30050
-29795
-30145
-30097
-29995
-30030
-30183
-30120
-29862
-29985
-30013
-30073
-30090
-30114
-29949
-29987
-30207
-29877
-30318
-29983
-30192
-30210
-30327
-29986
-29976
-30385
-30174
-29930
-30049
-29971
-30385
-30355
-29985
-30285
-30313
-30143
-30061
-30133
-30377
-30028
-29984
-29910
-30253
-30308
-30171
-30392
-30016
-30224
-30015
-30078
-30058
-29944
-29906
-30204
-30218
-30016
-29967
-29978
-30113
-30268
-30197
-29942
-30261
-30360
-30201
-30074
-30355
-29902
-30178
-30323
-30026
-30070
-30117
-30216
-30015
-30209
-30153
-30000
-30198
-30335
-30001
-30076
-30170
-29939
