-29983
-29994
-30346
-30124
-30346
-30140
-29960
-30095
-30403
-30332
-30038
-30322
-29993
-29938
-30035
-30209
-30218
-29974
-30078
-30371
-29959
-30284
-30086
-30348
-30345
-30090
-30113
-30301
-30304
-30371
-30248
-30293
-30201
-30307
-30384
-30251
-29899
-30012
-30375
-29935
-30069
-30016
-30368
-30157
-30152
-29936
-30344
-30088
-30318
-30039
-30075
-29920
-30300
-29905
-30377
-29997
-30226
-30311
-30058
-30193
-30330
-30035
-30220
-30061
-30110
-30078
-30022
-30013
-30115
-29866
-29955
-30010
-29934
-30060
-30260
-30355
-30036
-30262
-29933
-30391
-29923
-30031
-30204
-30311
-30207
-30305
-30172
-30312
-30021
-29981
-30154
-29908
-30270
-30317
-29918
-30290
-29882
-29908
-30098
-30301
-30104
-30171
-29953
-29895
-29908
-30389
-30308
-30322
-30040
-30002
-30357
-30318
-30334
-30278
-30007
-30008
-30003
-29885
-30010
-30292
-30229
-29986
-30278
-30353
-30305
-30161
-25282
-12121
-5443
-2463
-1770
-3127
-4586
-7110
-9495
-11807
-13678
-15947
-18032
-19404
-21002
-22290
-23208
-24294
-25215
-25677
-26449
-26978
-27612
-27764
-28332
-28225
-28746
-28899
-29277
-29018
-29554
-29615
-29755
-29517
-29761
-29702
-29747
-29717
-30015
-29847
-30241
-29878
-29989
-30123
-29983
-29997
-30275
-30323
-29936
-30009
-29921
-30190
-30261
-30091
-29954
-29982
-29977
-30350
-30285
-30042
-29975
-30222
-30338
-30375
-30175
-29899
-30048
-30223
-30032
-30232
-29908
-30141
-30336
-30035
-30129
-29917
-30292
-30255
-30380
-30116
-30270
-30030
-30017
-30211
-30238
-30020
-30221
-30090
-30350
-30049
-30231
-29908
-30306
-30112
-30354
-30041
-30217
-30004
-30235
-29888
-30053
-30239
-29933
-29909
-30221
-30353
-29941
-29916
-30394
-30223
-29899
-30340
-30025
-30150
-29995
-30322
-30247
-30097
-30147
-30218
-30219
-30125
-29977
-30303
-30376
-29939
