-30025
-30370
-29918
-30025
-29956
-30338
-30102
-30238
-30064
-30352
-29877
-30345
-30220
-30297
-30389
-30298
-30402
-30369
-30100
-30141
-30297
-29919
-30332
-30236
-30223
-30258
-30155
-29894
-30091
-30177
-30086
-30101
-30133
-30043
-30110
-30243
-30114
-30023
-30263
-30091
-29983
-30251
-30288
-29951
-30245
-30219
-30159
-30388
-29912
-30294
-29989
-30191
-30246
-29981
-30055
-29957
-30151
-30076
-30146
-30371
-29949
-30376
-29984
-30232
-30152
-30137
-30152
-30079
-30233
-29874
-29903
-30361
-30258
-30057
-30346
-30274
-30293
-30111
-30140
-30380
-30389
-30315
-30127
-29929
-30075
-30039
-30347
-30347
-30215
-30191
-29890
-30165
-30215
-29976
-30321
-29991
-30103
-30042
-29901
-30338
-29909
-30205
-30036
-30260
-30191
-29982
-30312
-30042
-30033
-30300
-30387
-29887
-29945
-30135
-29890
-30356
-30230
-30025
-30221
-30233
-30224
-30162
-29985
-30325
-30396
-29941
-29995
-29095
-28896
-28697
-28689
-29008
-29104
-29117
-29291
-29379
-29401
-29328
-29287
-29837
-29739
-29684
-29789
-29609
-30075
-30109
-29947
-30142
-30005
-30108
-30185
-29812
-29899
-29901
-30334
-30085
-30363
-29897
-30088
-30163
-29938
-30270
-30364
-30346
-30002
-30310
-29882
-30236
-30012
-29937
-30219
-30237
-30176
-30293
-30029
-30329
-30370
-29886
-30025
-30189
-29993
-30207
-29949
-29999
-30296
-29949
-30265
-30268
-30128
-30174
-29952
-29884
-30122
-30045
-29914
-30291
-30302
-30067
-29888
-29920
-29877
-30267
-30327
-30184
-30085
-30096
-30170
-29938
-30251
-30026
-30186
-30050
-30276
-29944
-30198
-30030
-29991
-29866
-30064
-30383
-30065
-30064
-29891
-29920
-30064
-30070
-30113
-30120
-30204
-30134
-30331
-30070
-30170
-29981
-30010
-30088
-29979
-29918
-30356
-30121
-30111
-29991
-30129
-29923
-30255
-29948
-30288
-29907
-30105
-30074
-30342
-29939
