-30082
-30329
-30136
-30394
-29963
-30391
-30364
-30313
-30363
-30127
-30030
-29886
-30085
-30308
-30199
-29965
-30196
-29890
-29956
-30365
-29899
-30102
-29917
-29936
-29894
-30017
-29971
-30195
-30355
-30161
-29959
-29919
-30084
-30186
-30004
-30222
-29884
-29917
-29893
-30112
-30224
-30173
-30299
-30020
-30088
-30194
-30339
-30088
-30175
-30259
-30268
-30027
-29932
-30023
-29955
-30025
-30341
-30182
-30191
-29917
-30395
-30008
-30058
-30269
-30340
-30053
-30175
-30294
-30083
-29939
-30028
-30204
-30113
-29980
-30389
-30052
-30177
-30372
-30092
-29961
-29915
-29975
-30282
-30060
-30051
-30284
-30207
-30123
-30322
-30340
-30268
-29998
-30218
-30125
-29961
-30095
-30346
-30169
-30355
-29983
-30143
-30185
-30201
-30327
-29925
-30310
-30207
-29960
-29895
-30099
-30302
-30152
-30396
-30186
-30142
-29940
-30115
-30354
-30085
-30117
-30196
-30370
-29951
-29995
-30129
-29903
-26931
-24736
-23467
-22937
-23234
-23730
-24230
-24875
-25187
-25895
-26310
-27069
-27312
-27436
-27907
-28392
-28547
-28957
-29222
-28962
-29489
-29644
-29364
-29732
-29776
-29566
-29742
-29814
-29893
-29772
-30173
-30225
-29962
-29969
-29952
-30190
-29951
-30237
-30170
-30216
-29903
-29957
-30008
-30060
-29976
-30329
-30208
-30379
-30154
-30181
-30100
-30089
-30026
-30261
-30377
-29959
-30389
-30009
-30275
-29992
-30186
-30064
-30311
-30295
-30119
-30160
-29942
-30279
-30270
-29934
-29972
-30023
-30130
-29872
-29951
-30134
-29918
-29979
-30101
-30088
-29904
-29988
-30269
-30073
-30356
-29887
-30325
-30335
-29889
-30199
-29912
-30158
-29915
-30163
-30308
-30355
-30072
-30380
-30040
-29916
-30192
-30293
-30145
-30139
-30103
-29931
-30121
-30077
-30350
-30020
-30156
-30172
-30063
-30115
-30224
-30405
-30401
-30144
-30196
-30020
-30313
-30269
-30054
-30032
-29971
-29939
