-30023
-30323
-29936
-30047
-30094
-30213
-29885
-30246
-30398
-30076
-30053
-30246
-30379
-30370
-29979
-30295
-30298
-29896
-30280
-30121
-30019
-30213
-30074
-30038
-30339
-30379
-29933
-30109
-30314
-30031
-30089
-30207
-30136
-30386
-29914
-29941
-29969
-30362
-29987
-30205
-30141
-29922
-30327
-29891
-30388
-30239
-30029
-30107
-30355
-30056
-29948
-30151
-30093
-30216
-30321
-30001
-30309
-30083
-30224
-30076
-30247
-30039
-29981
-29903
-30170
-29922
-30377
-30214
-30062
-30341
-30022
-30255
-30052
-30215
-30273
-30225
-30348
-29962
-30347
-30294
-29937
-30187
-30261
-30338
-30064
-30196
-30102
-29930
-30384
-30244
-30351
-30310
-30283
-30135
-30229
-30132
-30174
-29948
-30273
-30230
-29921
-30253
-30057
-30132
-29921
-30218
-30125
-30095
-29998
-29971
-30229
-30128
-30339
-29978
-30005
-30133
-30038
-30063
-30352
-30314
-29943
-30028
-29964
-30107
-30015
-29972
-28918
32767
32767
32767
32767
32767
32767
32767
32767
32767
32767
32767
32767
32767
32767
32767
23863
16543
9515
4027
-819
-5148
-8955
-12104
-14383
-16779
-18595
-20228
-22020
-22804
-24301
-25184
-25828
-26522
-26745
-27584
-27921
-28241
-28411
-28526
-29103
-29145
-29046
-29302
-29500
-29790
-29599
-29515
-30038
-29984
-29829
-30006
-30094
-30142
-29955
-30248
-29850
-30288
-29955
-30163
-30225
-29944
-30138
-30337
-29900
-30111
-30236
-30250
-30221
-30029
-30212
-29987
-30381
-30174
-30351
-30325
-30123
-30072
-30021
-30210
-29939
-30044
-30309
-30359
-29929
-29879
-30050
-29933
-30138
-30261
-30217
-29871
-30029
-30340
-29943
-30332
-30135
-30295
-30368
-29976
-30315
-30303
-30048
-30238
-30056
-30353
-30008
-29918
-30060
-30299
-29955
-30202
-30204
-29951
-30354
-29929
-30033
-30249
-30083
-29894
-30370
-30252
-30396
-30364
-30354
-30354
